ost /n/holylfs 0 1 10 11 12 13 14 15 16 17 18 19 2 20 21 22 23 24 25 26 27 28 29 3 30 31 32 33 34 35 36 37 38 39 4 40 41 42 43 44 45 46 47 48 49 5 50 51 52 53 54 55 56 57 58 59 6
holylogin01 /n/holylfs 4448001692472 4494822763264
holylogin03 /n/boslfs 52403200 4494822763264
holylogin04 /n/boslfs02 -137 5819490699008
holylogin04 /n/boslfs -137 4494822763264
datamover01 /n/kuang_lab -1 22546491392
datamover01 /n/holylfs04 52403200 5214334382144
datamover01 /n/data_kzm -1 3221225472
datamover01 /n/data2_kzm -1 13958643712
datamover01 /n/data3_kzm -1 8589934592
datamover01 /n/boslfs02 52403200 5819490699008
datamover01 /n/tzipermanfs2 -1 39726360576
